image: output.pgm
resolution: 0.2500
origin: [-16.2500000, -11.0000000, 0.0]
negate: 0
occupied_thresh: 0.65
free_thresh: 0.196

