image: output.pgm
resolution: 0.2500
origin: [-19.000000, -16.5000000, 0.0]
negate: 0
occupied_thresh: 0.65
free_thresh: 0.196

